k1=2,k2=3,k3=4
a=1/2*(-k1/2*k1)+sqrt((k1/2*k2)+4*k1^2/k3^2*k2)
b=1-k1/2*k2-a
